4294967278,287
4294967279,562
4294967278,273
4294967279,277
4294967278,283
4294967279,547
4294967278,271
4294967279,546
4294967278,390
4294967278,0
4294967278,282
4294967278,281
4294967279,273
4294967278,353
4294967279,561
4294967279,4
4294967294,25
4294967279,274
4294967278,279
4294967279,315
4294967294,93
4294967294,95
4294967294,50
4294967294,1016
4294967278,320
4294967294,30
4294967294,143
4294967294,142
4294967294,140
4294967294,139
4294967294,134
4294967294,1019
4294967294,992
4294967294,990
4294967294,989
4294967294,988
4294967294,987
4294967294,60
4294967294,67
4294967294,417
4294967294,12
4294967279,280
4294967294,7
4294967278,259
4294967294,6
4294967278,258
0,5
4294967279,560
4294967294,81
4294967294,1098
4294967294,11
4294967294,68
4294967278,132
4294967278,131
4294967278,130
4294967278,129
4294967278,128
4294967278,127
4294967278,126
4294967278,125
4294967278,124
4294967278,123
4294967278,122
4294967278,121
4294967278,120
4294967278,119
4294967278,118
4294967278,117
4294967278,116
4294967278,115
4294967278,114
4294967278,113
4294967278,112
4294967278,111
4294967278,110
4294967278,109
4294967278,108
4294967278,107
4294967278,106
4294967278,105
4294967278,104
4294967278,103
4294967278,102
4294967278,101
4294967278,100
4294967278,99
4294967278,98
4294967278,97
4294967278,96
4294967278,95
4294967278,94
4294967278,93
4294967278,92
4294967278,91
4294967278,90
4294967278,89
4294967278,87
4294967278,86
4294967278,85
4294967278,84
4294967278,83
4294967278,82
4294967278,81
4294967278,80
4294967278,79
4294967278,78
4294967278,77
4294967278,76
4294967278,75
4294967278,74
4294967278,73
4294967278,72
4294967278,71
4294967278,70
4294967278,69
4294967278,68
4294967278,67
4294967278,66
4294967278,65
4294967278,64
4294967278,63
4294967278,62
4294967278,61
4294967278,60
4294967278,59
4294967278,58
4294967278,57
4294967278,56
4294967278,55
4294967278,54
4294967278,53
4294967278,52
4294967278,51
4294967278,50
4294967278,49
4294967278,48
4294967278,47
4294967278,46
4294967278,45
4294967278,44
4294967278,43
4294967278,42
4294967278,41
4294967278,40
4294967278,39
4294967279,19
4294967279,18
4294967279,9
4294967279,8
4294967279,7
4294967279,6
4294967279,5
4294967278,371
4294967279,310
4294967279,326
4294967278,255
4294967279,249
4294967279,247
4294967279,239
4294967279,237
4294967278,236
4294967279,227
4294967278,226
4294967279,225
4294967279,221
4294967278,217
4294967279,216
4294967279,325
4294967278,368
4294967279,209
4294967278,367
4294967279,532
4294967279,206
4294967279,205
4294967294,176
4294967294,437
4294967294,1420
4294967278,366
4294967294,995
4294967279,531
4294967278,349
4294967279,202
4294967279,324
4294967278,348
4294967279,201
4294967294,1419
4294967279,200
4294967279,199
4294967279,197
68,5
4294967279,196
68,4
68,3
68,2
68,1
4294967278,365
4294967279,195
4294967279,297
4294967278,191
4294967279,191
4294967279,190
4294967279,189
66,4
66,3
66,2
66,1
4294967278,341
4294967279,188
4294967279,187
4294967279,186
4294967279,525
4294967279,185
65,6
4294967279,182
4294967278,183
65,5
4294967279,181
4294967279,180
65,4
65,3
65,2
65,1
4294967279,179
4294967278,178
4294967294,178
4294967294,147
4294967294,403
4294967294,414
4294967294,410
4294967294,160
4294967294,458
4294967294,118
4294967278,175
4294967279,177
4294967279,176
64,5
4294967278,173
4294967279,173
64,4
4294967279,172
64,3
64,2
64,1
4294967279,557
4294967278,171
4294967278,303
4294967278,302
4294967279,166
4294967279,162
63,5
63,4
4294967279,163
63,3
63,2
63,1
4294967278,329
4294967279,554
4294967278,360
4294967279,552
4294967278,158
62,5
62,4
62,3
62,2
62,1
4294967278,154
4294967279,514
4294967278,297
4294967279,148
4294967278,148
4294967279,147
4294967279,144
60,4
4294967278,144
60,3
60,2
60,1
4294967279,143
4294967294,1418
4294967278,143
4294967279,516
4294967278,389
4294967278,292
4294967279,323
4294967278,291
4294967279,322
4294967278,388
4294967294,470
4294967278,324
4294967278,361
4294967278,135
4294967278,356
4294967279,281
4294967278,288
4294967294,83
4294967294,1417
4294967294,472
4294967294,1415
4294967293,131
4294967293,130
4294967293,129
4294967293,128
4294967293,127
4294967293,126
4294967293,125
4294967293,124
4294967293,123
4294967293,122
4294967293,121
4294967293,120
4294967293,119
4294967293,118
4294967293,117
4294967293,116
4294967293,115
4294967293,114
4294967293,113
4294967293,112
4294967293,111
4294967293,110
4294967293,109
4294967293,108
4294967293,107
4294967293,106
4294967293,105
4294967293,104
4294967293,103
4294967293,102
4294967293,101
4294967293,100
4294967293,99
4294967293,98
4294967293,97
4294967293,96
4294967293,95
4294967293,94
4294967293,93
4294967293,92
4294967293,91
4294967293,90
4294967293,89
4294967293,87
4294967293,86
4294967293,85
4294967293,84
4294967293,83
4294967293,82
4294967293,81
4294967293,80
4294967293,79
4294967293,78
4294967293,77
4294967293,76
4294967293,75
4294967293,74
4294967293,73
4294967293,72
4294967293,71
4294967293,70
4294967293,69
4294967293,68
4294967293,67
4294967293,66
4294967293,65
4294967293,64
4294967293,63
4294967293,62
4294967293,61
4294967293,60
4294967293,59
4294967293,58
4294967293,57
4294967293,56
4294967293,55
4294967293,54
4294967293,53
4294967293,52
4294967293,51
4294967293,50
4294967293,49
4294967293,48
4294967293,47
4294967293,46
4294967293,45
4294967293,44
4294967293,43
4294967293,42
4294967293,41
4294967293,40
4294967293,39
4294967293,38
4294967293,37
4294967293,36
4294967293,35
4294967293,34
4294967293,33
4294967293,32
4294967293,31
4294967293,30
4294967293,29
4294967293,28
4294967293,27
4294967293,26
4294967293,25
4294967293,24
4294967293,23
4294967293,22
4294967293,21
4294967293,20
4294967293,19
4294967293,18
4294967293,17
4294967293,16
4294967293,15
4294967293,14
4294967293,13
4294967293,12
4294967293,11
4294967293,10
4294967293,9
4294967293,8
4294967293,7
4294967293,6
4294967293,5
4294967293,4
4294967293,3
4294967279,103
4294967279,102
4294967279,101
4294967279,100
4294967279,99
4294967279,98
4294967279,97
